#FDG_PET_Static_01
#240519,384689,323915,324214,856314,363624,228536,364371,318309,193433,257220,391503,264737,1080615,909462,398953,267502,398961,398969,415082,419807,418814,856342,311756,858334,347758,376519,383832,385552,1164930,365780,974639,365788,168793,134067,922519,943680,77183,240014,391483,1593570,390080,259152,1593490,404634,1593452,280192,414833,316527,417821,1593577,1593478,334485,1593626,1593461,377119,1593557,384738,384405,384413,1593586,1056543,1593489,1030634,1066799,1119613,1267532,1500747,104006,100135,140340,208024,196759,351562,915546,57415,170872,140536,383970,391487,394256,308605,347770,355460,369197,1030646,50625,1594160,995786,1594051,1041217,1115202,1594042,1594074,1148206,1169603,1233656,1594167,1594094,1594140,1182735,1177635,1594195,291086,137133,103462,110161,147815,109479,192937,411258,151085,193848,199383,977376,401098,414315,287172,415356,418822,297505,422961,1594359,336282,378497,1594411,332045,158117,347782,39752,76891,357337,376878,269761,269769,276999,287878,423412,422821,315200,319742,347790,342082,347940,357345,358752,367271,372769,376527,384701,385835,26744,26748,389322,300114,1594449,338511,353252,360392,378809,383840,383001,390773,393750,1594695,269487,900764,906469,317143,931415,334278,336290,340490,995798,1138256,151093,154587,371638,243851,952455,385843,394160,418826,421663,330769,354751,374446,377450,379496,386833,925007,1080066,1594815,102105,109420,174925,46287,30072,78232,139895

#FDG_PET_Static_02
#97630,357459,139899,99846,227411,324435,1594790,304707,324359,340412,387232,353020,364379,373821,386059,372011,372015,190162,196278,203630,210004,1594907,246828,246832,255913,252756,247742,403539,403583,1594856,1594897,300998,301226,306201,1594941,1484211,68268,206601,375753,148872,131726,164252,317840,47403,313484,187691,321638,221614,376882,249300,385847,282615,312937,419819,421667,304074,310035,308268,317216,338523,1049550,347798,347806,361979,366926,366934,1235970,395407,1193329,1261246,1256889,1243524,1245580,1594980,1610594,174929,383848,363527,141730,76909,956319,224866,915570,920514,410136,319758,410144,420669,311320,424189,324443,334648,902851,337069,397718,397726,396591,415673,861144,403547,415364,290906,303006,421513,317944,348547,347814,383975,998645,1595221,1046438,1053761,1595175,1131449,1160305,1595220,104012,68274,136497,379202,384130,1423230,137105,235815,117645,239544,104438,144375,192037,60925,116628,356071,113067,341702,206556,206530,206605,208249,266957,266961,271943,280212,280942,296504,301917,310736,310744,325140,338919,364484,369274,378772,378780,383856,383005,1388213,127190,140744,216106,378172,28933,110355,108507,31033,159696,213622,229773,148444,355507,364488,364387,856426,396014,396018,412865,416379,403591,335886,356075,1596071,859894,1596026,1596013,1596065,1596073,335894,357833,403551,358494,223603,367858,185319,343044,355030,218240,931439,931453,376540,245412,257595

#FDG_PET_Static_03
#1596219,263195,1596227,294179,286570,1596174,424821,423295,339792,378509,396599,1596113,1015898,1596254,1134384,1596230,1173436,30495,30499,900195,1596328,1613291,353367,262708,363632,49413,260454,385375,86489,81738,245496,274754,128498,355012,136183,356079,856466,1596650,373833,313241,313249,320112,324447,321320,1596734,335296,1596593,344087,345462,343412,344095,344217,345479,344225,364756,362594,364496,367400,367666,1596522,371646,1596526,1596709,385409,900199,1596682,856522,916043,1062848,1116390,1132687,1127826,1183999,1596649,1596703,1308711,1470018,1470022,1613253,1613287,1613331,77198,32761,206534,159619,58634,58443,134973,131034,136499,222994,369963,102750,383009,1043798,282447,1043802,312941,280200,1596837,417967,312973,312991,374456,387240,379272,1596800,1116394,1596852,1596885,76405,111753,148459,191845,1075458,417591,1082525,240022,260466,396951,155315,133005,949525,886306,213630,398977,270607,274762,413040,413044,324531,321332,341162,396955,399555,1075462,1074115,1245596,1258356,109428,146526,146553,153173,323471,323475,122006,341352,342837,338527,345754,946877,138585,138595,138600,390465,256946,391881,415380,287180,347846,347897,364764,379204,384138,389071,1030662,1158510,1163987,1597465,1614289,1614197,1614257,1623383,37933,923462,98578,177685,27681,966234,213637,349149,354759,208924,381280,249500,920522,280710,923752,1597529,421691,338993,334282,1597379,1597421,1118604,1143224,1614236,1614272,1614216,1614266

#FDG_PET_Static_04
#1614279,1662390,1614205,1686332,411266,413779,415384,420425,1597587,1597614,1597601,1597690,1614214,1614256,1614247,142034,147823,153480,108528,106240,110362,160801,71918,141774,144086,380699,375757,387256,941745,988929,1018744,1598058,1050627,1141627,1598489,70936,250333,375765,375515,375519,379224,394164,390785,287882,307039,1598372,327775,340986,345491,345495,349998,362088,368061,367434,1598378,285717,284301,337892,351303,349157,400387,400391,1186585,1189342,246702,216715,368826,367678,214934,297832,332300,332315,356263,356271,367866,367686,143829,148557,403645,132071,376549,254114,425008,297098,312571,1598651,362188,378525,384270,1598681,392863,403696,1598674,1381060,1643425,148463,103887,154759,158138,1598826,128833,29042,266120,173991,136628,359613,141411,142051,141416,381296,326242,325854,335898,378331,399234,403787,1614334,110283,115233,116180,116182,56435,68315,167910,351309,351383,387994,350079,348853,1598966,1598998,398079,313009,1598899,340445,374184,377454,379228,385811,1599001,1598951,1598953,1614359,1614340,921828,985818,918907,206542,213970,1599072,977388,213982,209174,213990,1599063,228548,961059,251704,257494,440531,264146,916361,294117,918911,984095,335906,364912,422643,308130,308580,312575,317952,323294,355439,1599296,1599173,1614384,1624625,371508,313504,323935,338531,198991,338535,337896,342581,348397,354918,368559,390096,384274,253174,389355,251270,391290,260823,275686,275692,280725,414543

#FDG_PET_Static_05
#281592,285731,286925,418834,293737,297773,297777,316541,321345,326136,342596,383876,341356,392263,413561,33211,368475,1599427,364772,373314,370039,373369,253186,395775,398625,404654,403563,401855,405696,401859,1599435,278330,416897,290914,429686,417647,420685,317147,321658,321666,1599568,330040,326559,349165,365864,351886,383043,380120,390100,31058,27905,348406,1599671,380942,399562,396939,260478,399747,413996,282943,346276,349177,375265,417327,397955,404413,1170553,1680540,228556,367694,226602,194441,977417,345758,194762,352765,375008,375012,252772,255372,262004,396467,408116,1124000,1062864,1124004,1091379,1154664,1163995,1192829,254414,131037,134947,300416,234153,108657,39022,148569,148467,149213,85805,64014,128162,136115,332383,343429,209669,235429,1600067,384722,246098,257979,265036,266573,291118,294914,301679,311989,423884,355451,1600149,1382675,209719,413056,158142,139761,159908,141428,242043,1600127,424359,1600099,378736,1600171,378752,378760,379280,391909,30088,128984,128988,60775,134647,136379,78598,287907,217243,227226,285611,423424,287911,423160,423428,427804,1133506,1133757,1177114,1133758,1133759,1133761,373727,415689,29065,102796,403653,82958,403890,129426,112608,402917,406049,1600205,280736,950408,1041225,958196,898790,1043481,1152720,374638,104992,154025,196116,202852,361505,116946,100155,233328,1600438,246717,390104,256398,396252,1010507,258863,269603,1600389,415388,422981,424201

#FDG_PET_Static_06
#311669,1600414,337250,977840,1025392,1044859,1600406,1600384,334534,376351,257875,1600614,396479,273904,416582,319690,317956,347944,1308723,1361180,1600569,1600612,28194,1600710,152835,389334,160796,76915,161806,413569,135339,374812,395152,401312,414000,417531,1037775,1600630,423888,304715,307679,308609,1600704,1037898,1027139,1600635,1144501,1168616,1600672,1614455,1623436,1623437,89815,102904,110364,110371,124603,159552,110300,42690,104161,154839,154847,289826,74967,107806,150666,420441,151158,100303,418838,429829,197190,412348,28594,104819,114393,312702,108664,150682,324535,154029,60218,77563,152948,215865,135499,276613,150689,197343,202055,98718,167914,1601478,192731,192739,1292767,344205,209502,1601319,1601394,357631,1601295,229819,312413,424209,316902,420445,1069476,310944,430844,429555,312731,1071887,321785,317159,321789,319779,324539,361509,374207,362092,272175,856578,1189722,1601731,1601702,1294046,1601790,1601630,139637,143098,143100,118604,193218,89831,92472,166148,28696,40216,113962,370116,378949,1023499,1161215,1602260,1618818,398488,269508,1602299,401348,862196,1602285,297513,1602223,306237,869216,869228,1602267,943077,999922,1020501,1602253,1602280,1053331,1602314,1602241,1146753,1602339,1270373,1614634,239755,238697,155693,207888,400399,401875,305365,301011,305373,75207,142547,368830,28744,153551,143342,146557,334310,154591,152075,334318,334326,80868,53340,353036,207701,347864,132075,334334,126075

#FDG_PET_Static_07
#397738,397742,949561,266973,401883,401887,417603,417611,991569,946905,427820,420638,424907,972079,315422,425244,312072,316554,336298,334338,334660,1049860,1161815,1274759,1425856,1425860,1522978,337482,328113,403575,1602734,109019,227249,872237,226103,1602742,241721,874860,270643,285744,285756,286530,284305,311346,332393,337258,350010,894660,945521,1481686,1614624,397461,402937,249512,249525,254834,254842,391917,391327,391499,268906,401766,431027,356387,387280,391929,985470,1005994,1030718,1184570,918915,944970,943962,1603071,940876,963007,1603017,1024825,1035541,1603098,1159230,1124020,1138296,1241110,1603118,1292787,1603081,1299316,1326256,1603078,1603122,1603290,1603355,1074127,1081296,1603341,1266279,1043814,1603292,1603265,1603311,1603280,1288913,1299320,1603301,1603323,1614621,1081992,1137423,1149015,1221538,1256913,168808,1603466,137109,246337,169796,117223,140344,200403,963011,255200,965141,1603424,399254,1603392,1603415,283673,285775,297521,315150,373385,378347,882052,1603597,1005488,1239316,1603365
